start=1271.960000
speed=1.610510
