start=1187.184000
speed=1.771561
pause=yes
panscan=0.100000
