start=1404.604000
speed=1.464100
sid=no
