start=1118.967000
speed=1.610510
sub-ass-override=force
ab-loop-a=133.883000
