start=2312.760000
sid=2
sub-scale=0.600000
