start=791.133000
speed=1.464100
pause=yes
