start=46.837437
fullscreen=yes
sub-scale=0.800000
